0.251635269921805
6.041202609367874
1.983463364369245
1.970397803279859
6.192346531750037
9.928542244960234
19.37746527038537
14.7440619950008
-0.32246688187990025
5.9654227432980385
1.9648680820112783
2.0172163756121373
6.0188933433136595
9.754882397776841
20.66394091806208
14.873137336046
-0.288709146649144
5.907427206751431
1.9699604897156888
2.0073140865851857
5.898362009779079
9.825789389804426
19.925744431222192
15.363560483348715
-0.06456323241142828
5.967339382114872
2.009947701896627
1.9748939420356642
6.001195589585866
10.355768506050422
20.504805056731936
15.238784298604859
-0.31591964269646994
6.053605976085101
1.9887458604454546
1.946404922392849
6.064188324550927
9.82281301566099
20.510666993254823
14.99547246323591
0.09504334287584595
6.087104672684614
1.9769463582765774
1.9742996922351919
5.989756791060926
10.200585878282045
20.161479189922503
15.499853576941511
0.23297552903797153
6.055567851324076
1.9566476834110458
2.0611848143541875
5.782425312884712
10.290887567176712
20.966269538866147
15.534938495738501
-0.04480508349250506
6.077612075500625
1.9418709615485117
1.966938551645248
5.9439186568524915
10.31663988549836
20.57152384614373
15.574275101977678
-0.08313990212835912
5.95552388291535
1.9712732228032865
1.9564883315816506
5.9202446970325875
10.864862488777469
20.681519050107376
15.842756269989145
-0.3091926384688969
5.994291500974752
1.9473332350662285
1.9337206928070427
6.021412565660557
10.258218845459336
20.811628322014048
15.885044188612392
0.009255441411392673
5.94233991820134
1.9724639876602053
1.9821926777810477
6.0924707681873524
10.15017165001631
21.618133543963964
15.801939060935892
0.32643285039855313
6.021104490799185
1.9794708941678896
2.0055017219082556
6.090242022948605
10.997198390597314
21.09974424970084
16.566990620809673
0.642097648062065
5.977226950641898
2.0082546037977984
1.9549676622156236
5.841070911090476
11.491560853215056
20.909794898187997
15.445308410197475
0.31993731627260524
5.969608099347988
2.059091417299711
1.9880615233297358
5.979495521542329
10.789078353747678
21.563471485182866
16.62940429368016
0.5458140580825478
5.83769438665115
2.0774662769840866
2.0479970603157733
5.869888865891831
10.937194985868745
21.45422371189294
16.265309746377053
1.0963511874835739
6.121336236699263
1.9950557837896712
2.017636617474615
5.9896391366663435
10.724098536843385
21.550295574986613
16.561227433524
0.25929492871985116
6.020847489825753
1.9261072356031022
2.000509982392304
6.062736396057505
11.263457227353303
22.031990806022282
16.61309667934277
0.3888746664197049
5.812697300913781
1.964529470642479
2.0299542644066095
5.864671568541273
11.066038081920507
21.121345169129103
16.374907581865102
0.6775657846427648
5.99515369206559
1.9828006322532734
1.9172682031678214
6.073593409932218
11.316133433501822
21.142336752254387
16.77904058276912
0.7396113014875184
5.977284629361421
1.9210868908512448
2.0701800867995095
6.0621309896783755
11.012566298765408
21.259237572123105
16.891677828799242
-0.4677925829942725
6.054094362694859
1.9884992232154635
2.028787996056508
6.033209496308413
10.726580283994917
22.078719888626814
16.356990886192033
0.6843314238682264
6.126794171345735
1.846630703999535
1.9416094054121045
6.062463449593892
11.037916874779338
22.297018300611665
17.125917263221453
0.6888839061286482
5.894345811135141
2.0724103979825834
1.8961760368494294
5.909350985289068
11.222234162740833
22.247145553814434
16.703465301069386
0.41637045050651267
5.908729336796362
1.9833581219750915
2.002040155947548
6.067644419709566
11.451705747429946
22.58286825286508
17.037081138215573
0.5974947938584665
5.882275436427539
1.8718163648952009
1.9158077175167496
5.957790948522215
10.997437778244542
22.288414046886995
17.041723748416878
0.5011365946051266
6.004840951862747
1.9906261173182649
2.0105429848565577
5.978551893683963
10.985917679729884
22.676475769689553
17.289397112933845
0.5643785271976786
5.788453526490017
1.93938094003378
2.059767910003171
6.041241809964848
11.229461521281122
22.55211565936786
16.965511646146172
0.674169245090104
6.069816355066024
1.995270917483804
2.062014087142803
6.042021226312319
11.10874197553915
22.854862935759257
17.259676012403396
0.5164241750939116
5.902704329653183
1.977883679491292
1.9412064700817016
6.169181276722355
10.815218331187955
22.553708172190237
17.326889210244033
0.962138062535991
5.8269069440730155
2.0901794685541013
1.9986443097344788
5.943246602399818
11.92350557133875
23.223571632843246
17.61775881715092
1.153553864222464
5.978285922991606
2.026312236814248
2.1118770806962464
6.046903088716985
11.295710166723486
22.892720678437044
17.555685872906526
0.616571530582672
5.990891324583682
2.1361275366624817
2.0012287875095267
6.119500115685973
12.362937166295442
22.764974875265157
17.603075425840164
0.6093336743785946
6.019917945309789
2.0362137794923747
2.0450014979042535
6.033135957496428
12.372058586690795
22.63544084381931
17.901026493199346
1.266025573746296
5.938892008628078
1.97611475737403
2.0023992914448163
5.933684849622674
11.895120463848814
23.566855390501146
17.548299627340104
1.1339344810776995
6.0730656568533155
2.0305816429381163
2.037927738870417
5.939616767320155
11.762248477425196
22.673287192722
17.68852860664776
0.872558858365269
6.103483990617948
1.9548010500665123
2.0223846622027537
6.032050917649513
11.80731645847002
23.198645568118906
17.92768287694745
0.8393147037622005
5.974672997319286
1.881692606340198
2.0249091343340035
6.040922001414011
11.968752136672215
23.15029236917184
17.967000395584915
1.255283539443355
5.87838497719296
2.052345389269394
2.010765194508663
6.212598728693773
12.354545059720488
23.430047078348537
17.974830174113393
0.9541397610003309
6.087047848526439
2.0124131011993636
1.9323056917555201
6.0222605021270565
11.956441147154127
23.636112050012056
18.24746946202378
1.17394668609427
5.773253412510825
2.0417511278504645
1.9648767618783134
6.069764379349172
11.379631388229399
22.67642209117326
17.664771878561393
1.262650032070834
6.120072516266482
2.0144350384707788
2.035418330700215
6.051758010828516
11.506977087914457
23.54497920405211
17.807595066444787
1.7927272597600574
6.022970636836845
1.965941160340754
1.9888429637597276
6.087802704734314
12.310976527023328
23.204475183168096
17.50600011508192
1.4452571582552145
5.972014904027735
1.965050384963456
2.0296939891056827
6.071576195938224
12.300869853189946
23.90258497975949
18.051769246155335
1.7481834431447845
6.128414172570796
2.050906826757825
1.920659667547795
6.0551351599932595
11.829637818142125
23.512350311895645
18.3246024426051
1.3583141851609457
6.016059890164927
2.0242237470587536
2.022533688338758
6.092852272557211
12.175552240600396
24.509449381773138
18.382512609549075
0.7188390192607736
6.1342007686483235
2.0130854450257103
2.1114721040916384
5.9693172617633286
12.685144122179183
23.71409158051397
18.49617037430124
1.309542344577753
6.090614183195289
1.9819262654791017
2.088216276413865
5.95266088436573
11.973460585596152
24.082988235744292
18.32081856538509
0.949497620183173
6.101458425123596
1.9340271039626937
1.9301843191468637
6.050991511502332
12.194334727392459
24.63319934561259
18.071164749294006
0.9066235155177482
6.042192768148959
2.0131851064154933
2.0158314900041536
6.084347321799335
12.454013823323393
24.219512056951682
19.02136967858016
0.9417862084072375
5.880016326593099
2.0172788059485804
2.0375091151504825
5.916988315808566
13.00076022526832
24.032331101527827
18.271633116358323
1.2748699914321326
5.9206928438598405
1.9965793944520032
1.9786856888931463
6.0248427852741635
12.609771332038553
24.171312638420847
18.830020351643533
0.9791104672887785
5.966218314295865
2.0265723487150584
2.053349559744156
6.188852624401268
12.442925978458005
23.947435471553376
18.70063958123568
1.8314589661610792
5.88202440501282
2.094705814208045
2.0713643254876253
6.143836267603624
13.14579003384316
23.964233146067052
19.003689124700358
1.2382713583692169
5.952099227334069
1.9666774492223722
2.043177733692151
5.8384686281440645
12.522809771392192
24.283208288071645
18.95011881670947
1.9332891472407592
6.105226600206923
2.0419704524592115
1.9545029884123857
6.047762806239003
13.418544289927457
24.86978511224077
18.745637354353676
1.9734659215578225
6.004866901633463
2.0085458316698
2.039090669157066
6.071843254252921
12.615956747582516
24.65573832795189
19.064168801409856
1.964674993690417
5.967475986864572
1.9873331703598465
2.0736057607467915
5.931458199430359
12.948504180718977
24.739144527087205
19.577165871130592
1.485058277542717
5.953492746823379
1.8429064321012827
2.08889629236039
6.0456016636899035
13.115556922460929
24.490762108756506
18.995272907713662
1.2870912112594777
6.069259449604196
2.047846104216354
2.051451300048612
5.951581968909173
12.72171304854152
24.040699319008688
19.082840288113996
1.6473913157041467
6.022331186866282
1.995751439622207
1.9922340156394842
5.978921870401517
13.099564395336822
24.718538856062512
18.984929043104554
1.583319460023497
6.000537754174551
2.0854745861484343
1.9794683321547821
5.889857723947846
12.867881259569113
24.581138062789258
19.19959667889321
1.8051864784522333
5.9657031463908154
1.964848777963816
1.8609638567237772
5.962986295859634
13.367520898242839
24.582140032434886
19.006951131226895
1.6057367067700536
6.100056999412491
2.007626759793275
2.0171548319649437
6.00143471466646
13.351419118715482
24.807450909165812
18.6364372334553
1.503073399157407
5.731152027405356
2.0023160967101696
1.9978412999142396
6.096227937331661
13.706461969429741
24.501564928131657
19.035218490830204
1.5644797511809905
5.899716949189268
1.888221304830167
1.9919885988145494
6.0362655900002595
13.038942830861505
24.543316049046062
19.706065273264425
1.4725620983192484
6.145682072193289
2.005876569255405
2.095073058885776
6.050760586490577
13.651819762577452
24.60382798015431
19.321004944722894
1.7011561352706122
5.9896912829170335
1.9573628488150374
2.008107917709015
5.837574604970887
13.271842082704087
25.199307809634583
19.59032629547044
1.563154861333695
5.9329998264729875
1.9976045783470067
1.9879900612549621
6.029528067224934
12.93839006380478
24.528404166114658
19.732005950111194
2.021899771142018
6.01316030816686
2.076691659284281
1.9976708771197462
5.983880932994832
13.129708170617436
24.46311755798418
19.930437469638097
2.0446694632584257
6.085869532579017
2.1295989763903638
2.1428441355192893
6.096104283848676
13.166992313263263
24.830238443439534
19.921797279736534
2.2539590837481387
6.083587003862983
1.9566808667069753
1.9609733908932876
5.959797924166708
13.435697689695385
24.68170709818827
19.17368652084164
1.9089898881996092
6.09267056415707
1.9147042274062664
2.0159163173854187
5.9129470428422
14.059551962664491
25.043058360226546
19.721604212832947
2.0513855227938116
6.07180150069617
1.8847513638789162
2.0365752917006383
6.104836812853904
13.689767524584752
24.735648914187934
20.33367298918952
2.200329434273135
6.222755767219423
2.0185685268363085
1.89270876090035
6.293264375536123
13.513590460711033
25.153411471084738
19.572039793696508
1.707714951981257
5.895931374927464
1.8799407534071142
1.8579341174726325
6.065690230378331
13.361132161821985
24.312080894397774
19.91352026898772
1.930570355610605
5.903108717164647
2.1425545685137153
2.0185491226309176
5.8807609087902435
12.975423769714693
25.03079182830365
19.642751170600338
2.403334200813605
6.0426504521524205
1.8981769261058479
1.9833887209623606
5.982797233970438
13.39819724792538
24.733828461148043
19.956227159988874
1.9545272830619498
6.057964372598634
2.053691675897113
2.050599604772358
6.115395900934266
13.500081008449115
24.983292113518672
20.07140033347317
2.1690895740990923
5.8638983821185535
1.9835730283939679
2.0315709185482542
6.116124905312728
13.678575942921603
24.525286047954037
20.57984429944969
1.987404521346536
6.078064907706195
2.010237631667165
1.9422407084055155
5.765159431884984
13.373762423161093
25.07670380224617
19.937102639249172
2.422221345515535
6.0495687645273755
1.9666735232354724
1.8284002811269964
6.092714095616948
13.973429967940737
24.657187643581114
20.3428265146592
2.0753044022534772
6.15301561302847
1.89943822853837
1.8646877264781156
6.104161116830979
13.701378901063226
24.768494004623175
19.72740986863426
2.343442220931722
6.008396384105009
2.1009107203005373
1.9743679381965322
6.032342238734363
13.836892291690774
25.42403822878702
20.07185100462866
2.4837744793389644
6.152109000117211
2.117241749107682
2.0120045199401346
5.904702765379688
13.74144543567489
24.692675023670326
19.54384190357333
2.006693438470528
5.986660277531583
2.05099777819264
2.0446066648655514
6.107206891456557
13.960672970346412
25.422111526732134
20.109861784372214
2.351262806456007
6.162383520622117
1.9360938956500349
2.049781159747369
5.885495559119318
14.072227275927123
24.9884180685866
20.124741024261496
2.693945808166687
5.921379483614917
1.9185597494371134
2.0450922619519027
5.949696900004894
14.523947900440016
25.327950165851043
20.11398626527149
2.1784597855514765
5.955980362901259
1.8834067833586734
2.01766336098894
5.844800921764851
13.722033542157934
25.77506732726191
20.92863501025129
1.7523815008386092
6.070239255723866
1.9608008541540072
1.913644023445006
5.942589187051869
14.485845443167031
24.967915370324064
20.06794004782778
2.536133396123304
6.049464370163446
2.0021230566901735
2.017994223600915
6.065345045108866
14.515021514267362
25.007091703186653
19.726414874818392
2.588741704110982
6.078804078800443
1.8991336986623215
1.933149595874152
5.993525939169398
14.317014102810914
24.474159325201725
20.05302787836667
2.125866257768706
6.254514530982134
2.1424557201728907
2.0440979538434565
6.094336102310796
14.174168845955942
24.682946883134274
19.546925147403
2.1651948834958654
5.940031878248012
2.013605648344934
1.9798920726831761
6.058188005540722
14.726011757767655
24.246930114630548
19.925970700908746
2.673564343643122
6.1120508258121715
1.9769266032936836
2.121610204395189
6.036180927916246
13.926079666019236
25.2109608642557
19.735699059774518
1.8410532134666673
5.887249708331174
1.9417790262641068
2.1324935967016545
5.958264068055426
14.157559828829486
25.354663400451912
19.38684458427308
2.13137308764607
5.992388394718386
1.9849027463843811
1.9987933853509254
5.951278543893122
14.130704904978929
24.71664218075373
20.635428779148523
2.5663852426590688
6.104321490268667
2.1017898098820096
1.8933766128222889
5.890419459823563
14.379306381803783
24.157290825910945
19.999846902603014
2.4841989508094264
5.856741953789631
1.9996359003240143
1.991332116887882
6.07560466412111
14.290945274904411
24.46287324391626
20.259660560799976
2.6500085578504984
6.064925453925783
2.096318507493613
2.0879308953801416
5.944446067280971
14.16674488394263
24.200038064975125
19.820639180903676
3.0842166616216122
5.841111797172041
1.9672070827483554
1.9619686254914706
6.16063878000211
14.912106972220993
24.52109208330894
19.86454339274322
3.071369417802445
5.975132956057135
2.03103610376651
2.1009307161496302
6.168678071074212
14.76678655558042
25.001916183250366
20.101185051346665
2.7229775524950273
6.072243048757888
1.98416507865053
2.0153128477956557
5.960108781070575
14.76784597322118
24.26185065202337
20.526045655001283
2.1846031830909127
6.1264742303185065
2.1757350921827863
2.022002527626433
6.078338171660184
14.856190492845231
24.59814419062071
20.11695584967362
2.630901921572027
5.925357154806319
2.0531944436991645
2.0141591577978732
5.871914841428966
14.58646896405129
23.92060830519288
19.84401142014488
2.44005268132935
6.15919975504764
2.0430898971854576
1.955351742200056
5.988734211508541
14.556348944741794
25.25153390437607
19.656523440651192
2.1497536861273274
6.0544089383583115
2.0889784818296024
2.047734115470226
6.066204917951387
14.405616531471997
25.08847534728298
19.948543571584416
2.774926263418864
5.96389575655149
1.9491189029460192
2.0299557198442635
5.88142964747208
14.674809735776561
24.58168008175496
19.63146714026251
2.8229979936245244
6.010674102551847
1.9342234990982676
2.0566232716343134
6.098781079331621
14.080892545429064
24.07677174992904
19.20755013913747
2.5021692774397586
5.858475160340888
1.9609046653795632
2.1201872643338846
6.088717363669722
14.252294839203138
23.76556537545878
20.01119163561245
2.671069697959379
6.1669705368128405
2.0157699993246525
2.0355254905454587
6.006152727866232
14.63326646427452
24.05914089125909
19.347495673149332
2.397895430043387
5.921237487658575
2.0442683402498067
2.0627420363631024
6.06140100757772
14.917574368779151
24.14140900665322
19.670293289854165
2.637198403709806
6.047451815446896
1.8241351501897418
2.042581997214059
5.993688245840096
14.107427164535721
23.48714154671755
19.903887619215293
2.5157319922387797
6.071798345420457
1.8617034081024562
1.9469393405680413
6.112789422640074
14.77721121825427
24.45004987936449
19.388531201304918
2.303546610852108
5.971375661626387
1.9588860865940263
2.011053747599086
6.028787856617619
14.718425377699694
24.218488640368413
19.479149910203144
2.7971713940859813
5.913705671095726
2.017792960566817
2.0519103421980156
5.9596943440121155
14.595675859991237
23.212647037190163
19.369444962892587
